LENGTH
142
125
124
144
175
110
177
146
147
144
124
142
125
158
119
125
112
153
116
121
137
125
133
124
129
149
108
136
156
167
152
182
119
147
128
167
144
133
131
158
123
129
176
118
152
166
144
119
153
132
131
135
109
158
140
158
140
152
158
138
183
135
151
122
123
106
153
153
163
132
175
121
153
150
143
190
161
138
138
138
153
128
148
125
137
190
149
114
155
156
124
123
173
150
125
202
164
139
163
162
170
153
147
147
136
143
138
135
166
138
179
159
127
181
181
145
158
157
129
121
121
135
149
150
177
158
127
141
183
250
124
166
210
169
158
217
157
307
157
164
163
80
333
227
183
207
274
171
149
180
136
236
136
156
425
201
163
236
137
188
52
193
285
163
148
123
138
124
212
230
100
105
174
162
240
167
144
195
269
183
255
160
174
182
493
191
158
207
130
194
388
227
194
205
179
196
260
183
207
213
171
467
185
165
242
146
66
72
117
91
96
125
23
183
260
230
259
213
232
227
145
49
241
41
217
172
217
152
187